13986
195
688
2388
6647
872
2955
1223
5590
2256
2496
872
5606
6366
6941
483
5244
516
2349
1930
3214
6763
5651
2939
3203
35
2670
1521
3508
3090
511
2842
6081
5050
227
4096
3210
360
2555
0
65
192
551
51
132
544
284
142
197
83
236
4
2
338
411
440
13
163
51
179
235
4
115
484
341
396
0
44
141
322
53
25
59
214
364
18
121
135
35
206
0
5
682
51
2239
352
1759
82
353
683
283
535
33
20
1113
1351
1308
318
402
1391
2041
625
49
355
1610
927
1141
17
129
1079
1078
143
83
184
572
1195
47
797
425
94
605
0
9
2468
136
357
6668
3401
543
1349
952
1923
1670
931
199
3100
3807
4058
124
2201
342
1336
1070
886
2553
4227
2679
2612
27
960
1013
3024
1428
346
1587
3093
3678
128
1212
2815
369
1238
1
60
6761
565
1820
3403
15597
1227
3606
2358
5824
3872
2532
751
7059
9634
9339
364
5896
1536
4325
3134
3610
7444
9050
5077
5669
40
2884
2836
5830
3553
711
3404
7518
7710
396
3348
4662
606
4055
0
127
871
286
82
510
1178
1397
340
308
675
551
377
160
825
1124
1168
38
831
75
344
310
559
917
864
555
553
17
345
339
689
518
72
695
1077
933
32
338
684
120
434
0
32
2974
144
358
1340
3606
348
55551
970
3776
1618
726
135
3735
6527
4620
139
2075
388
1571
1538
535
1987
4134
2151
2306
32
31362
1014
2822
28026
464
1167
2853
2682
140
1701
3673
246
15843
2
75
1219
199
684
912
2275
308
963
3440
529
1335
97
22
2133
2427
2561
118
828
604
1505
1339
112
852
2596
1619
1777
15
493
1070
2211
703
193
440
1376
1868
126
858
1079
143
1394
2
47
5692
83
281
1959
5867
688
3789
539
33410
1317
4567
1234
3553
5554
5276
117
8223
267
1840
729
4136
8527
4879
1917
2004
23
3338
899
2291
3518
620
3150
6074
4996
104
2425
3615
373
2023
1
57
2263
246
542
1622
3776
569
1609
1353
1295
5584
423
82
3422
4173
4128
199
1877
505
1654
1759
451
1920
4314
2907
3113
28
993
1383
3236
1440
355
1118
2938
3435
257
1433
2122
301
2358
2
117
2975
4
37
1068
3004
490
830
106
5058
526
9047
1254
1313
2213
2319
46
5118
34
892
117
3335
5475
2057
540
559
35
1319
316
698
1445
304
2353
3918
2573
21
861
1887
338
254
1
30
862
2
20
186
734
160
135
22
1207
81
1022
2472
193
425
581
8
1513
3
213
16
1286
1664
328
77
78
2
333
71
114
334
34
807
1230
611
2
167
312
103
53
0
9
5843
373
1175
3168
7222
893
3777
2287
3566
3630
1114
201
12542
8252
9283
570
3545
931
3356
3253
1284
4206
8260
4746
5279
46
2475
2316
6187
3161
640
2070
5357
6025
341
4315
4080
451
3921
1
123
6744
458
1495
4021
10076
1218
6672
2656
5639
4533
1868
442
8501
18952
10635
420
5190
1242
4351
4187
2082
5982
11071
6070
6940
89
4752
2870
7168
5633
971
2992
7586
7767
426
3743
5363
511
6543
1
148
7394
501
1466
4250
9825
1295
4751
2863
5357
4541
1979
605
9600
10688
17735
476
5506
1253
4265
3972
2508
6530
10743
6069
6808
61
3266
3011
8154
4050
843
3394
7529
8549
442
4495
5598
679
4849
0
158
482
13
318
118
351
38
137
116
115
193
35
8
544
387
429
772
151
98
350
182
45
205
448
269
318
1
62
135
328
78
46
76
280
339
16
739
142
44
229
2
9
5323
166
410
2138
5851
840
2082
842
8173
1883
4394
1536
3435
4985
5245
154
17036
388
2107
1048
4238
8190
5416
2564
2865
33
2425
1169
2617
2638
504
3506
6694
5899
166
2062
3384
598
1711
0
112
516
51
1402
337
1482
74
383
607
270
496
29
3
873
1128
1109
98
383
1841
1752
544
24
301
1398
800
998
2
180
966
911
215
63
195
495
1075
47
523
450
85
609
0
4
2412
185
2187
1332
4379
359
1590
1582
1871
1713
763
223
3304
4161
4071
364
2137
1886
13295
1834
694
2144
5038
2642
3285
16
885
2348
2915
1057
290
1039
2330
3833
155
2400
1819
329
1974
0
34
1932
235
627
1070
3062
307
1529
1347
725
1751
100
16
3093
3887
3654
183
1042
538
1771
5683
125
1039
4342
2655
3082
30
708
1216
2694
889
239
446
1733
2494
191
1329
1180
173
1994
1
30
3200
4
49
852
3540
560
536
112
4039
453
2714
1291
1239
1996
2409
45
4157
24
673
125
6189
5501
1483
490
463
1
1155
354
607
1229
187
2309
3626
2413
19
856
1391
208
204
0
14
6858
115
357
2518
7419
954
1986
861
8474
1938
4766
1709
4097
5758
6300
208
8223
301
2112
1052
5621
17461
4882
2142
2183
138
2436
1416
2699
2946
479
4314
8346
6165
111
2577
3742
466
1303
1
75
6647
625
2057
4863
10775
1101
4538
3279
5285
5400
1900
367
9670
12717
12078
557
6204
1830
6125
5309
1662
5590
21947
9080
11843
53
2546
3437
8681
3151
1003
2692
7149
11547
561
4347
5832
834
5066
0
159
3236
386
1079
2882
5505
665
2233
1837
2014
3232
479
94
4982
6146
6037
299
2818
934
2850
2950
534
2343
7910
9370
6278
26
1091
1961
4825
1522
597
1260
3672
5722
343
2265
3153
432
2848
0
114
3523
449
1299
2785
6172
646
2451
1996
2119
3496
498
82
5640
7248
6947
365
3121
1144
3591
3423
489
2403
10651
6385
11086
26
1087
2151
5331
1352
612
1134
3763
6752
360
2388
3021
475
3107
0
113
35
0
17
29
39
18
31
14
23
27
34
2
45
83
59
1
33
2
17
30
1
135
51
25
23
211
13
17
40
15
17
34
145
210
1
13
71
7
23
0
2
2668
44
130
936
2843
345
31339
495
3296
989
1087
335
2396
4598
3130
62
2380
179
867
706
1156
2398
2279
1003
1000
12
33085
675
1461
26274
250
1566
2804
2170
67
1202
3346
207
14343
1
50
1513
141
1078
976
2725
336
1007
1066
890
1359
260
72
2150
2617
2678
137
1144
961
2211
1216
354
1381
2658
1695
1870
17
673
4341
2002
916
171
741
1647
2305
110
1054
1344
177
1237
1
37
3874
369
1212
3267
6344
805
2940
2542
2367
3657
618
122
6560
7296
8231
373
2873
1044
3158
3001
643
2944
7791
4936
5367
42
1570
2299
10392
2127
655
1619
4501
5679
397
2717
3930
479
3492
1
133
3090
53
144
1390
3481
518
28001
702
3464
1431
1213
337
3046
5415
3866
80
2605
216
1034
888
1230
2877
2804
1386
1244
15
26282
917
1957
30517
305
2029
3480
2734
88
1408
3892
235
14439
2
74
519
26
85
333
702
71
459
199
608
357
257
35
615
887
794
49
499
65
278
245
191
464
840
532
561
16
255
174
584
307
1769
214
553
630
51
258
448
66
516
6
64
2916
59
187
1554
3428
729
1178
455
3157
1134
1994
855
2004
2895
3267
78
3543
196
1034
447
2398
4324
2362
1153
1036
33
1622
757
1477
2092
217
6487
3974
3237
64
1105
2542
301
983
0
61
6236
226
581
3091
7539
1147
2864
1438
6066
3019
3371
1271
5221
7277
7208
287
6791
500
2313
1780
3741
8424
6143
3391
3460
152
2862
1712
4117
3575
568
4015
13702
6278
324
2580
4417
503
2757
0
118
5250
383
1262
3705
7889
1008
2715
1974
5030
3588
2229
649
6022
7615
8301
362
6033
1151
3864
2622
2517
6297
10054
5406
6354
212
2244
2452
5336
2834
650
3311
6360
14893
305
3075
4809
750
3028
2
141
229
18
49
126
382
32
139
128
105
255
17
2
326
392
405
16
166
48
153
189
19
115
444
311
314
1
67
114
351
89
51
64
318
290
1263
118
188
38
245
0
24
4072
121
794
1170
3271
342
1690
855
2390
1417
738
168
4104
3482
4174
738
2033
524
2328
1327
859
2534
3662
2009
2159
13
1204
1051
2446
1408
248
1072
2500
2932
120
9022
1761
267
1779
0
37
3312
141
440
2814
4715
731
3711
1140
3606
2194
1649
327
4086
5249
5449
150
3476
468
1817
1216
1454
3794
5201
2985
2870
76
3427
1407
3708
4004
456
2584
4457
4784
195
1820
14102
550
3364
0
124
364
35
94
353
605
124
247
145
371
299
279
106
443
480
650
44
602
83
324
175
207
464
725
391
440
6
209
181
434
238
69
299
492
726
37
270
535
2077
374
0
23
2555
208
608
1222
3973
437
15824
1404
2002
2336
223
53
3767
6208
4546
229
1693
609
1929
1992
208
1293
4308
2597
2832
23
14350
1241
3187
14443
512
974
2711
2913
244
1784
3291
376
20024
5
125
0
0
0
1
0
0
2
2
2
1
1
0
1
1
0
3
0
0
0
1
0
1
0
0
0
0
1
1
1
2
5
0
0
2
0
0
0
0
6
233
4
63
6
10
57
128
33
77
47
57
116
28
10
113
142
138
7
111
4
31
30
15
74
142
108
100
2
52
38
117
75
62
61
116
141
24
36
122
21
125
3
713
