1675
2193
956
494
37
1645
17
13
177
2287
481
3526
723
2423
2015
1293
805
1432
1490
1565
1911
2251
1552
441
1228
741
4608
2935
2747
1309
1039
846
647
2796
3933
231
1680
2020
93
2316
45
1688
547
2675
1909
305
104
425
2135
716
1473
0
11
147
196
84
38
0
517
0
0
18
205
13
516
25
242
356
175
162
154
208
226
234
261
167
49
71
50
403
313
308
148
126
130
10
389
491
9
44
194
5
99
3
157
27
372
174
30
5
46
124
64
153
0
3
499
658
269
152
19
668
14
2
51
646
828
1773
102
539
709
403
500
466
550
522
691
707
482
1221
239
260
1394
1042
951
1778
1782
253
62
1137
1574
74
143
1260
26
293
24
477
107
1195
577
123
30
135
739
207
486
0
6
1065
1406
591
352
25
1017
17
6
151
1364
237
2124
303
1154
1279
804
589
733
982
1174
1423
1446
1141
311
583
465
2483
1859
1564
783
685
467
308
2060
2982
109
661
1242
73
1034
31
1066
273
2068
1342
238
93
264
733
498
797
2
15
2478
3316
1398
642
39
3118
21
14
288
3502
1079
6981
825
3039
3323
2057
1615
1935
2786
2874
3233
3531
2447
1353
1522
1129
6455
4948
4068
2950
2664
1501
712
5018
6723
294
1864
3612
104
2911
84
2529
714
4758
2904
502
161
836
2043
1160
2667
1
27
230
323
194
85
16
448
8
2
34
373
57
595
94
339
529
176
165
176
302
327
387
303
272
63
188
121
594
436
433
176
146
141
81
478
578
32
171
348
25
289
8
308
91
504
342
61
29
76
217
143
286
0
5
2901
3910
1393
435
43
1811
16
11
204
6009
395
4131
869
2829
3533
1344
685
1303
1379
1500
3202
2524
2047
266
2967
1489
6597
4584
2569
1584
812
718
894
2704
4556
307
31674
6752
161
29158
64
3026
889
2627
2329
383
277
314
1842
1108
3400
1
34
910
1197
455
241
17
1150
10
6
96
1083
313
2321
145
1143
1172
1197
1495
1043
1055
1060
1213
1701
930
538
361
383
2354
1730
1645
1181
1062
673
77
1958
2525
76
481
1338
37
856
22
907
149
1767
1114
211
51
280
666
461
1000
2
9
1961
2468
1076
318
28
778
14
12
184
2422
684
2127
1263
1088
1418
543
323
530
575
739
1281
1007
1042
206
1771
681
2795
1680
1362
609
530
271
1202
1259
2308
291
2107
1485
78
2319
43
1329
802
1751
1573
229
95
149
998
401
743
0
15
1266
1683
732
358
26
1686
17
3
152
1756
282
3335
283
1794
1757
1039
865
1084
2634
2796
1972
1834
1338
458
657
596
3458
2687
2332
1185
1000
909
206
3007
3685
114
837
1824
61
1477
44
1506
291
2749
1600
245
96
659
1034
744
1610
1
22
405
513
317
97
42
193
25
7
51
1014
311
488
660
213
411
55
53
65
106
167
346
78
168
14
862
274
656
214
267
48
100
21
723
173
331
188
500
452
74
498
27
415
487
556
533
113
83
26
306
94
72
0
5
71
95
92
30
3
67
4
1
16
360
189
116
392
51
115
6
8
8
18
26
78
4
18
6
490
121
172
21
59
19
29
6
361
17
41
78
162
165
16
117
13
94
218
150
116
27
14
3
73
20
12
0
6
2510
3357
1334
611
49
2503
24
12
248
3026
570
5657
556
3710
3083
2268
1571
2509
2600
2751
3076
3878
2566
789
1181
999
7127
4732
4561
2259
1877
1575
423
4948
6595
208
1876
3033
113
3023
49
2420
509
4429
2688
448
162
747
2578
1148
2446
3
26
3687
4864
1840
765
84
3294
41
20
339
4184
835
8094
789
3855
4259
2932
1793
2436
3324
3454
3832
5375
3408
1076
1690
1339
8701
7605
5120
3078
2479
1987
632
6226
8978
312
3806
4172
160
5345
89
3240
703
5537
3530
566
231
923
2448
1509
3548
2
33
3170
4206
1794
747
64
3201
36
15
341
4091
830
7185
872
4247
3870
2732
1960
2667
3276
3521
3887
4753
3184
1093
1710
1324
8665
5817
5843
2882
2432
1967
716
6165
8389
325
2375
4070
147
3730
86
3113
783
5801
3466
569
209
971
2737
1424
3012
2
33
137
182
78
108
3
188
1
3
14
179
66
356
34
254
181
136
96
188
165
194
201
224
147
85
68
63
498
280
305
231
221
115
24
338
425
21
53
177
5
109
10
174
34
304
177
22
4
44
628
50
172
0
3
1160
1517
798
319
42
1172
25
17
175
2285
543
2342
933
1341
1482
641
590
676
1131
1351
1735
994
974
326
1421
693
2669
1691
1590
787
737
524
942
1952
2522
274
1121
1641
91
1445
67
1437
729
2401
1598
254
117
371
994
507
923
0
18
408
535
231
104
4
592
1
2
43
594
728
1434
95
416
605
326
423
356
470
447
650
529
401
1113
252
249
1111
883
809
1618
1585
200
61
956
1261
66
205
1135
8
328
21
426
108
1035
503
111
17
142
497
191
482
0
2
1506
1992
784
347
19
1611
9
7
143
2053
964
4155
435
1547
1820
1290
1140
1244
1458
1499
1857
2141
1347
1529
831
657
3754
2748
2507
4136
5240
846
346
2970
4082
197
759
2844
46
1225
48
1397
375
3131
1600
323
73
406
1936
581
1397
0
12
1404
1861
668
309
25
1440
11
3
135
1512
288
3504
193
1861
1725
1511
992
1394
1607
1551
1694
2614
1512
491
479
557
3831
3022
2572
1385
1122
2505
98
3211
4314
87
654
1649
55
1317
21
1286
187
2582
1380
206
61
406
1027
695
1462
2
6
238
310
231
60
1
156
0
0
31
628
239
326
509
159
266
43
30
57
65
105
222
75
119
11
621
191
443
141
189
46
68
20
527
105
208
115
312
292
19
291
18
260
326
307
329
65
25
17
214
63
44
0
3
1113
1475
753
300
150
1134
94
11
137
2195
575
2094
1087
1179
1389
627
469
613
841
1009
1308
1000
845
219
1504
692
2444
1494
1388
610
619
413
1102
1423
2009
283
1030
1528
195
1328
61
1217
789
1902
1435
243
212
217
987
449
669
1
16
4357
5705
2187
958
54
4137
23
29
477
4937
1073
9960
939
4776
4875
3888
2638
3400
4458
4700
5163
6730
4256
1593
1843
1633
10629
8032
6623
4110
3598
2775
810
9194
12625
375
1863
4984
182
3658
109
3987
907
8231
4497
758
289
1255
3040
1827
3551
1
34
2125
2796
1088
477
25
2383
9
23
266
2634
541
5155
428
2672
2597
1893
1358
1731
2646
2789
2984
3252
2303
824
926
879
5326
4119
3540
2070
1839
1597
320
5395
6095
176
902
2690
91
1941
75
2130
453
4457
2383
364
149
769
1656
1079
2058
0
23
2644
3509
1443
637
31
2793
16
22
337
2947
615
6332
476
3213
3120
2475
1712
2212
3059
3267
3570
4239
2897
1009
1033
1020
6601
5214
4338
2607
2274
1875
348
6332
8182
190
933
3214
88
2088
59
2643
485
5591
2873
432
139
810
1840
1202
2251
0
23
39
49
16
23
190
155
119
9
2
99
4
89
11
63
119
11
13
22
32
50
113
20
21
4
39
55
116
66
68
16
14
16
15
53
74
7
18
129
203
46
1
104
58
206
59
7
170
1
46
31
22
0
0
1608
2199
797
243
32
1162
9
10
108
4767
263
2252
700
1878
2428
402
249
485
676
733
2316
777
994
98
2562
1141
4037
2629
1268
979
343
314
788
1168
1625
246
25692
5786
115
23824
46
2075
767
1305
1279
213
202
140
1281
719
2549
1
21
811
1085
481
192
19
1212
9
4
90
1284
521
2318
265
975
1164
648
661
698
963
994
1223
1126
837
812
571
450
2156
1621
1557
1678
1626
541
162
1766
2243
111
579
2390
31
940
33
839
228
1803
942
177
42
272
810
427
851
1
6
2418
3253
1348
618
47
2556
24
6
251
3018
595
5687
510
3033
2991
2127
1724
1989
2809
2948
3136
3695
2511
917
1114
1007
6382
4590
4428
2315
2002
1529
370
5002
6661
207
1387
3097
118
2452
64
2413
490
4663
2758
445
193
864
1977
1174
2407
1
31
1660
2278
865
250
30
1243
10
10
115
4704
252
2450
686
1974
2557
458
313
586
810
910
2440
934
1122
119
2531
1147
4291
2882
1457
1024
383
373
750
1402
1975
244
23220
5764
122
22625
50
2152
777
1506
1413
225
194
183
1323
800
2662
2
27
307
414
133
66
24
261
16
15
35
325
38
655
66
298
380
250
153
194
284
314
357
400
290
57
128
124
690
572
414
199
155
106
64
507
769
22
211
311
28
341
36
317
79
471
375
62
39
81
195
137
284
0
16
438
582
339
170
38
539
26
14
66
1114
263
949
497
530
665
182
207
215
399
536
785
292
333
139
807
361
1104
607
647
357
330
188
537
661
926
147
891
940
70
950
48
685
512
1025
658
121
82
157
506
232
396
0
17
1569
2098
979
477
149
1733
82
19
206
2592
541
3573
795
1913
2138
1074
794
1012
1653
1887
2187
1876
1474
396
1396
855
3873
2778
2365
1124
936
821
779
2777
3730
286
1629
2238
207
2299
69
1770
688
2958
1970
310
229
631
1381
785
1639
2
21
2123
2824
1305
596
291
2659
150
22
288
3425
767
5175
856
2657
2870
1583
1394
1562
2488
2795
3497
2644
2095
979
1535
1092
5527
3782
3626
2280
2096
1330
817
4644
6048
302
1392
3378
425
2237
93
2509
827
5718
2791
440
402
755
1964
1017
1985
0
29
137
199
81
44
2
153
0
1
17
193
29
424
34
222
216
110
103
135
248
256
229
195
161
42
70
91
414
328
291
116
98
100
24
367
440
17
69
195
4
151
7
171
45
325
210
32
5
514
121
80
179
1
3
1098
1488
633
352
13
1103
6
6
115
1520
386
2531
439
1879
1297
887
624
1094
1066
1152
1378
1527
1070
432
740
478
3533
2066
2210
1280
1221
644
338
2081
2866
131
966
1429
39
1366
26
1184
329
2036
1178
193
42
277
3470
442
1094
2
8
1364
1834
931
413
79
1356
47
17
196
2500
371
2685
603
1582
1822
687
688
797
1192
1517
2212
1124
1329
387
1299
737
3373
2114
1979
990
818
576
589
2250
3325
177
2838
2382
141
3234
68
1665
585
2669
1753
275
169
424
1199
696
1373
2
29
137
181
88
59
7
214
5
5
25
368
51
395
86
226
247
87
112
93
216
262
361
132
119
76
188
107
466
238
302
162
170
118
88
378
523
30
158
313
18
194
17
231
108
494
293
45
38
88
253
66
190
0
9
2196
2956
1082
510
41
2094
9
15
159
4267
333
4647
474
2872
3438
1203
903
1203
1994
2086
3256
2250
1838
480
2043
1218
5963
4499
2812
1918
1223
1025
422
3329
4417
200
13630
5444
110
14383
68
2706
617
3001
2156
331
158
606
1860
1086
5190
5
29
0
0
0
0
2
0
1
5
1
4
0
0
1
0
0
2
0
0
0
0
11
0
0
0
1
0
0
0
0
0
0
1
1
0
0
0
1
0
0
0
2
0
0
0
1
0
0
0
0
0
10
95
3
41
59
32
11
12
72
4
16
6
83
5
114
8
82
80
29
29
26
89
120
114
29
56
8
63
40
132
108
85
20
16
18
12
120
133
10
50
99
18
84
27
92
24
125
114
23
13
41
35
47
72
0
100
