1899
170
562
1197
2798
276
3127
1053
2172
1476
390
79
2760
3914
3354
165
1312
484
1680
1610
275
1248
4036
2198
2719
39
1775
930
2520
1837
349
484
1776
2304
151
1255
1498
154
2477
0
51
2498
232
771
1574
3737
386
4245
1395
2764
1960
491
102
3723
5249
4521
210
1708
655
2256
2141
353
1678
5371
2950
3618
54
2418
1268
3410
2506
477
656
2389
3090
217
1706
2012
202
3305
0
69
1040
99
284
629
1496
216
1465
494
1151
808
291
102
1386
1853
1776
87
860
252
808
722
273
827
1958
1074
1406
17
856
536
1316
938
148
374
1072
1366
87
687
977
89
1158
0
37
496
39
157
344
612
86
417
249
317
360
81
31
591
695
683
111
315
107
330
298
61
306
777
433
561
26
241
197
542
249
70
167
466
569
41
351
398
59
506
0
11
38
0
19
27
38
18
44
16
28
25
42
3
48
78
60
3
42
4
20
25
1
146
53
24
30
190
32
20
46
30
23
39
144
290
2
13
77
7
41
2
11
1647
521
664
999
3010
448
1795
1152
770
1659
161
67
2355
3021
2897
191
1148
588
1535
1435
156
1121
3279
2123
2455
158
1162
1211
2274
1244
254
536
1670
2534
151
1103
1309
214
2088
0
71
18
0
14
18
20
9
17
10
14
16
25
4
23
38
34
1
25
1
11
11
0
93
23
9
14
119
9
10
24
10
14
27
79
150
0
6
44
5
9
1
4
12
0
2
5
14
2
11
6
12
3
7
1
12
18
14
3
17
2
7
3
0
11
21
18
17
9
10
4
6
10
13
12
18
22
1
6
16
5
15
4
16
182
19
53
150
273
32
200
98
185
153
44
18
253
324
303
14
181
46
147
132
33
140
391
239
291
2
107
94
232
115
38
69
204
279
16
124
193
26
162
1
6
2294
207
653
1347
3450
382
6007
1087
2423
1738
908
362
2942
3980
3859
179
2269
594
1989
1515
630
2187
4210
2425
2688
100
4771
1285
2773
4711
326
1116
2563
3331
189
1527
2456
370
4265
3
83
478
13
825
233
1038
57
390
313
678
279
262
189
532
759
738
66
530
713
902
288
239
573
848
458
551
4
262
517
528
251
38
259
530
726
28
386
352
50
334
0
5
3624
536
1847
2186
7072
618
4155
2427
2143
3416
420
116
5582
7774
6852
368
2379
1494
4129
3614
332
2151
8307
4863
5849
95
2284
2418
5301
2493
673
971
3631
5141
437
2601
2693
410
4788
0
121
716
25
102
295
805
93
865
144
1260
277
561
392
533
741
802
34
920
94
421
193
510
1076
782
375
424
11
699
263
460
684
64
490
775
820
32
437
578
87
471
1
8
2454
248
556
1141
3010
350
2827
1164
1087
1801
175
51
3582
3658
3937
265
1342
422
1526
1879
159
1182
3940
2451
2896
62
1889
998
2740
1984
296
539
1881
2565
225
1915
1549
232
2907
0
84
2034
366
720
1264
3306
549
3553
1190
1423
1767
358
116
2961
4023
3626
184
1479
620
1765
1748
273
1403
3937
2358
2796
123
2457
1190
2701
2589
388
675
2109
2785
219
1320
1777
253
3473
0
81
1342
183
414
828
2076
187
1368
1251
554
1083
49
6
2220
2863
2582
141
647
335
1308
1558
45
637
3252
1794
2290
11
412
667
1989
472
257
185
1092
1569
117
926
677
87
1231
2
27
855
173
538
594
1647
174
702
1602
336
909
51
8
1558
1750
1855
104
607
455
1160
1051
32
494
2115
1268
1564
15
257
709
1612
324
159
213
807
1376
110
659
690
114
940
0
26
1575
171
525
763
2069
199
1367
1162
566
1184
62
8
2588
2480
2629
209
710
393
1307
1524
62
659
2928
1691
2133
23
525
792
1925
631
210
223
1088
1612
147
1215
813
102
1286
0
24
1496
210
554
969
2716
308
1362
1057
577
2611
89
18
2463
3067
2986
168
1115
477
1416
1610
65
843
3475
2343
2688
32
674
971
2447
811
279
402
1617
2385
251
1070
1158
215
1993
0
88
1700
247
550
1214
2998
350
1561
1128
767
3013
151
26
2758
3384
3386
214
1447
471
1531
1649
111
1089
3919
2659
3051
53
777
1074
2780
974
330
575
1966
2844
267
1239
1568
284
2226
0
132
2009
243
738
1433
3304
407
3233
1275
1307
2047
299
80
3034
3708
3702
212
1811
700
1879
1780
232
1348
4298
2786
3290
118
2364
1297
2873
2485
375
817
2213
3491
240
1454
2203
372
3361
7
123
2388
277
748
1514
3682
334
2630
1820
1062
1962
74
5
3981
5433
4719
237
1040
565
2236
2768
82
1071
6002
3230
4041
20
807
1205
3614
963
437
297
1980
2711
212
1618
1145
136
2369
0
29
1714
194
535
1212
2626
313
2155
1044
1109
1474
156
18
2685
3458
3177
174
1055
453
1421
1675
133
934
3758
2338
2824
23
1077
924
2495
1216
319
368
1593
2210
174
1184
1376
122
1993
0
61
438
49
1224
303
1297
63
264
538
205
449
13
6
738
956
954
86
317
1103
1409
485
11
218
1201
710
874
4
99
818
799
119
54
138
385
908
40
435
367
76
477
0
8
1222
71
239
564
1491
188
2958
357
1761
642
736
490
1124
1598
1569
68
1394
249
799
479
624
1484
1503
813
910
40
2562
571
987
2532
124
790
1366
1467
68
741
1266
186
2043
1
63
735
50
256
445
1094
123
1484
380
669
584
231
121
950
1248
1222
63
680
243
619
555
190
683
1311
779
892
55
1143
447
892
1149
124
355
827
1048
89
477
697
108
1215
0
39
4931
445
1532
2682
6851
671
6752
2578
2898
3753
581
175
7425
8853
8708
535
2807
1234
3955
4127
457
2614
9456
5409
6477
123
4140
2377
6363
4420
746
1171
4118
5735
461
3829
3486
503
6248
0
144
3112
341
1132
1951
5177
471
4700
1856
1768
2860
195
22
4767
7496
5627
302
1766
941
2831
3199
155
1607
6763
3956
4884
72
2713
1737
4335
2989
624
633
2892
3849
348
2200
2152
252
4689
0
121
2871
320
1014
1598
4174
460
2594
1767
1393
2442
230
59
4550
4996
5607
321
1648
865
2543
2695
198
1436
5638
3398
4080
70
1293
1662
4185
1484
431
668
2421
3635
307
2343
1983
315
2908
0
92
1351
154
1906
796
3004
184
1595
1240
634
1222
45
20
2221
2923
2694
246
805
1735
4112
1429
47
634
3305
1889
2362
17
993
1788
2108
1039
199
370
1146
2266
119
1336
993
170
1964
0
22
1061
130
1857
688
2644
150
821
1095
542
1014
87
30
1807
2310
2245
226
744
1659
5066
1143
68
633
2850
1652
2029
15
352
1703
1788
389
155
337
936
2046
97
1244
818
173
1246
0
17
851
130
251
465
1458
141
714
677
272
893
20
6
1485
1827
1770
115
512
199
819
2504
20
413
2208
1408
1662
16
314
540
1371
371
105
186
794
1253
99
643
554
116
1024
1
18
653
10
62
296
693
82
899
76
1201
205
623
364
416
609
685
24
940
62
339
98
530
1093
703
291
316
15
796
162
346
756
65
533
767
789
23
341
568
87
426
2
12
3209
466
1352
2289
5668
576
2920
2274
1407
3466
163
22
5420
6648
6435
400
2229
1159
3383
3681
121
1664
8431
5679
6426
55
1285
2125
5104
1556
570
782
3136
5132
407
2410
2442
436
3724
0
129
5646
780
2365
4213
9302
912
6030
3757
3227
5358
425
60
8954
11638
10674
637
3616
1942
5825
6166
309
3061
13704
8048
10135
100
2225
3437
8404
2709
1165
1385
5289
8160
621
4172
4530
778
6070
0
173
229
9
74
105
283
32
306
75
286
113
156
78
198
287
302
21
266
64
185
87
113
274
332
152
172
7
244
109
186
243
23
144
272
289
17
131
170
29
199
0
9
1682
43
144
645
1849
174
31669
482
2096
831
430
163
1820
3696
2291
53
1112
204
747
653
316
1027
1686
836
864
18
25696
581
1303
23218
213
883
1598
1365
69
968
2806
156
13621
1
49
2024
196
1274
1227
3531
350
6741
1345
1484
1808
385
166
2878
3932
3723
182
1614
1138
2712
1656
294
1524
4002
2406
2836
131
5786
2406
2767
5766
308
935
2188
3238
196
1436
2313
307
5449
0
99
105
5
28
84
114
31
180
40
90
70
80
16
130
169
171
5
102
9
56
65
21
218
181
101
92
222
131
34
128
136
32
90
227
451
5
47
147
23
121
0
19
2319
99
296
1020
2872
294
29143
860
2316
1470
422
120
2934
5146
3540
109
1429
325
1194
1316
296
1323
3196
1803
1926
46
23830
942
2291
22622
344
946
2254
2187
151
1370
3188
190
14377
0
83
45
3
25
29
81
8
65
22
44
44
23
13
45
80
78
10
66
22
44
21
18
61
90
65
54
1
46
32
58
50
34
46
66
83
7
25
63
17
68
2
27
1807
170
517
1114
2633
335
3107
975
1396
1617
395
99
2460
3228
3052
183
1540
460
1428
1363
279
1283
3438
2081
2493
112
2162
917
2306
2253
335
741
1863
2554
186
1252
1728
241
2845
0
100
549
27
106
267
693
93
885
149
792
286
410
217
489
655
718
36
719
105
358
184
328
776
743
400
422
58
769
228
438
777
79
491
666
782
46
333
564
104
618
0
24
2806
388
1269
2124
4874
541
2660
1859
1781
2846
500
157
4443
5422
5568
324
2478
1098
3159
2696
315
1968
7031
4219
5185
210
1335
1906
4373
1539
497
1057
3014
5717
333
2137
2698
514
3113
0
130
2076
185
629
1405
3057
377
2402
1224
1658
1725
469
122
2746
3539
3417
193
1703
546
1671
1456
355
1541
3898
2315
2731
67
1365
1050
2665
1515
404
719
2069
2857
231
1283
1844
317
2302
1
130
331
36
134
245
525
72
399
234
254
269
101
28
452
565
560
24
278
123
339
228
72
260
650
353
421
8
237
203
434
247
69
133
324
462
34
206
292
49
360
0
24
106
5
32
89
165
29
277
50
95
94
79
14
163
225
205
4
114
17
73
62
25
214
261
142
129
177
204
41
190
198
40
84
226
410
5
42
162
39
161
0
12
434
48
136
265
821
82
314
285
156
658
22
3
713
869
887
45
365
140
398
406
17
220
1017
696
736
1
141
277
776
184
81
161
619
712
518
280
415
86
618
0
41
2132
123
734
724
1983
216
1836
664
986
1028
254
73
2449
2280
2512
631
981
492
1880
1023
214
978
2533
1483
1651
45
1280
805
1785
1324
190
501
1334
1876
119
3479
1151
253
1855
0
36
715
65
212
477
1138
145
1111
459
399
738
79
20
1090
1410
1310
52
500
195
569
689
65
444
1420
950
1063
31
728
435
1031
805
136
229
762
977
78
443
669
65
1088
0
46
1465
153
488
784
2608
286
3387
1001
744
1600
63
12
2323
3310
2771
173
899
475
1351
1456
44
659
2954
1859
2050
22
2547
852
2155
2661
280
394
1590
1909
178
1094
1325
192
5191
7
72
0
0
0
1
1
0
1
1
0
1
0
0
2
1
1
0
0
0
0
1
0
1
1
0
0
0
1
1
1
1
0
0
1
0
1
1
1
0
8
93
0
9
3
6
15
27
5
35
10
15
22
4
6
24
30
27
3
16
2
11
6
3
17
31
22
23
0
21
6
24
28
15
16
20
29
3
9
27
8
29
2
99
